C319r1t 20221018 151630 20221018 154432 1811.79 57.78 -58.84
C319r5t 20221018 164403 20221018 173648 3651.09 56.55 -59.69
C320r1t 20221021 145500 20221021 151500 297.54 57.08 -60.86
C320r2t 20221021 152100 20221021 154100 156.46 58.53 -62.12
C320r3t 20221021 154400 20221021 160400 299.86 59.83 -63.33
C320r4t 20221021 163800 20221021 171500 4372.45 57.6 -61.31
C321r1t 20221023 150715 20221023 152738 2902.69 58.18 -57.39
C321r3t 20221023 163944 20221023 170946 158.5 58.9 -62.43
C322r1t 20221024 130238 20221024 132818 358.01 58 -57.8
C322r2t 20221024 143608 20221024 150624 487.18 58.93 -62.64
C323r3t 20221024 181655 20221024 184758 2365.82 56.22 -53.63
C323r4t 20221024 195837 20221024 202337 338.99 53.73 -53.27
C324r1t 20221025 155302 20221025 163709 320.6 57.03 -53.9
C324r2t 20221025 173441 20221025 175729 335.1 54.66 -50.99
C324r5t 20221025 183033 20221025 184541 5607.13 53.99 -56.33
C325r1t 20221028 132837 20221028 134851 325.76 55.34 -57.93
C325r2t 20221028 135150 20221028 141210 336.77 54.31 -56.33
C325r4t 20221028 124140 20221028 130708 4349.44 54.63 -56.82
C326r1t 20221028 183758 20221028 190016 484.55 57.2 -51.57
C326r2t 20221028 195325 20221028 201459 2204.77 56.99 -58.44
C327r1t 20221029 165213 20221029 171729 312.18 56.91 -55.36
C327r2t 20221029 180203 20221029 182548 186.31 56.92 -53.19
C327r4t 20221029 184521 20221029 190635 1363.77 57.2 -55.47
C328r1t 20221031 150138 20221031 152339 377.19 57.71 -57.55
C328r2t 20221031 163550 20221031 165312 3001.55 55.01 -51.24
C329r1t 20221101 130057 20221101 131843 583.85 56.33 -54.96
C329r2t 20221101 142453 20221101 144623 1656.37 53.75 -49.91
C329r3t 20221101 145428 20221101 152631 3240.76 53.73 -53.28
C330r1t 20221103 134238 20221103 140321 280.92 59.27 -61.11
C330r2t 20221103 151549 20221103 154519 1661.88 55.95 -57.69
C331r3t 20221103 182425 20221103 184521 310.24 56.03 -56
C331r4t 20221103 195712 20221103 201718 2273.32 53.98 -50.77
C332r1t 20221104 155938 20221104 163053 310.04 57.36 -57.15
C332r2t 20221104 174043 20221104 180550 338.73 54.64 -51.65
C333r1t 20221105 175743 20221105 182459 305.97 57.38 -61.23
C333r2t 20221105 183842 20221105 190418 324.11 59.3 -62.14
C333r3t 20221105 201429 20221105 203438 316.15 55.35 -57.84
