c271r1t 20220311 094007 20220311 100724 1747.56 74.30 20.26
c271r2t 20220311 101803 20220311 104248 39.08 75.52 21.54
c271r3t 20220311 111805 20220311 113838 40.85 72.67 27.93
c272r6t 20220316 120725 20220316 123415 2957.26 70.99 10.46
c273r1t 20220319 120125 20220319 123851 3403.89 73.83 11.15
c273r2t 20220319 125407 20220319 131335 415.01 73.93 8.65
c274r1t 20220321 134710 20220321 140723 2672.04 71.83 12.55
c274r3t 20220321 151808 20220321 154122 165.93 71.16 19.27
c275r1t 20220323 100337 20220323 102822 162.17 76.52 23.82
c276r2t 20220323 125529 20220323 132029 1711.74 78.49 22.02
c276r4t 20220323 143227 20220323 145527 155.75 74.60 25.18
c277r1t 20220324 103052 20220324 105906 159.45 76.72 22.77
c278r2t 20220324 130205 20220324 132616 1725.07 78.16 21.29
c278r4t 20220324 140700 20220324 143156 333.14 75.15 26.04
c279r1t 20220325 112321 20220325 114412 155.64 76.89 27.99
c279r2t 20220325 114826 20220325 120844 1323.65 75.37 28.00
c280r1t 20220329 092900 20220329 094917 1573.42 74.75 21.59
c280r2t 20220329 095955 20220329 101558 326.91 74.13 20.60
c280r3t 20220329 103401 20220329 105406 2012.67 72.63 19.35
c280r4t 20220329 110535 20220329 112451 334.07 71.97 19.32
c282r1t 20220330 120832 20220330 122827 1760.51 78.02 7.51
c282r2t 20220330 124023 20220330 130159 307.75 78.01 4.63
c282r3t 20220330 140212 20220330 142608 306.58 74.43 3.51

